 Gen: 0 ---------------------
 0 0 0 0 0 0 0 0 0
 0 8 9 9 6 10 17 2 0
 0 1 3 19 8 14 1 8 0
 0 13 12 21 1 8 3 24 0
 0 0 23 14 21 6 14 22 0
 0 16 18 10 1 2 22 7 0
 0 0 0 0 0 0 0 0 0
 Gen: 1 ---------------------
 0 0 0 0 0 0 0 0 0
 0 11 12 6 3 7 14 5 0
 0 4 0 16 5 11 0 5 0
 0 10 9 18 0 5 0 21 0
 0 0 20 11 18 3 11 19 0
 0 13 15 7 0 0 19 4 0
 0 0 0 0 0 0 0 0 0
 Gen: 2 ---------------------
 0 0 0 0 0 0 0 0 0
 0 14 15 9 6 0 17 8 0
 0 7 0 13 2 14 0 8 0
 0 13 6 15 0 2 0 18 0
 0 0 17 8 15 0 8 16 0
 0 16 12 4 3 0 16 1 0
 0 0 0 0 0 0 0 0 0
