 Gen: 0 ---------------------
 13 13 13 10 19 11 15 2 6 1 4 8 1 11 16 1 9 7
 6 13 6 5 19 11 16 18 16 8 15 12 5 8 5 18 11 17
 9 6 19 16 0 15 4 1 7 12 14 8 11 0 13 9 18 13
 1 14 3 17 14 11 9 19 19 7 9 2 4 19 9 3 7 1
 19 3 2 18 15 8 18 6 0 11 16 18 4 9 4 0 6 18
 11 8 9 2 15 19 5 19 18 14 14 5 7 5 8 9 15 15
 9 13 13 9 5 9 8 1 10 12 1 17 3 12 5 12 7 12
 11 12 11 1 18 17 18 5 3 18 6 18 13 15 4 7 4 1
 8 4 2 19 9 16 8 12 0 5 16 7 17 0 19 8 1 17
 17 12 14 0 10 0 11 16 15 15 15 12 16 3 16 10 14 17
 Gen: 1 ---------------------
 16 10 0 7 16 8 12 0 3 0 7 11 4 14 13 0 6 10
 0 10 3 2 16 0 13 15 13 5 12 9 2 0 2 0 8 14
 12 3 16 13 0 12 1 0 4 9 11 0 8 0 10 6 15 10
 0 11 0 14 11 8 6 16 16 4 6 0 1 16 6 0 4 0
 16 0 0 15 12 5 15 3 0 8 13 15 1 6 1 0 3 15
 8 5 6 0 0 16 2 16 15 11 11 2 0 2 5 6 12 12
 6 10 10 6 2 6 5 0 0 9 0 14 0 9 2 9 4 9
 8 9 8 0 15 14 15 2 0 15 0 15 10 12 1 4 1 4
 5 1 0 16 0 13 5 9 0 2 13 0 14 0 16 5 0 14
 20 9 11 0 7 0 8 13 12 12 0 9 13 0 13 7 11 20
 Gen: 2 ---------------------
 19 13 3 10 19 5 15 0 6 0 10 14 0 17 16 3 9 13
 0 0 0 0 13 0 10 12 16 2 9 6 5 0 5 0 5 11
 15 0 13 10 0 9 0 0 1 0 8 3 11 3 0 3 12 7
 3 8 0 11 0 0 3 13 0 1 3 0 4 19 9 3 1 3
 0 3 0 12 9 2 12 0 0 5 0 18 4 9 4 3 0 18
 11 2 3 0 0 13 0 13 12 8 8 0 3 5 0 9 0 9
 9 0 7 9 0 3 2 0 0 6 0 11 0 12 0 12 1 12
 11 6 0 0 12 11 12 5 3 18 0 12 7 9 0 7 0 7
 2 0 0 13 0 10 2 6 0 0 10 0 11 0 13 2 0 0
 23 12 14 3 10 3 11 16 15 15 3 12 16 0 16 4 8 23
 Gen: 3 ---------------------
 22 16 6 13 22 2 18 0 9 3 13 17 3 20 19 6 12 16
 3 0 3 0 10 0 7 0 19 0 6 3 2 0 8 0 2 8
 18 3 16 13 3 12 3 0 4 0 11 6 8 0 3 6 15 10
 6 11 0 8 0 3 6 16 0 4 6 0 1 16 6 6 0 6
 3 0 3 15 12 5 9 0 0 8 3 0 1 6 1 6 3 21
 14 5 6 0 3 16 3 16 15 11 5 3 0 8 0 12 0 0
 12 3 10 12 3 0 0 3 0 3 0 14 0 15 0 15 0 15
 14 9 3 3 9 8 9 0 6 21 0 9 4 6 0 10 3 0
 0 0 3 10 0 7 0 0 0 0 0 0 8 0 10 0 0 3
 26 9 17 0 13 6 14 0 12 18 0 9 19 0 19 7 11 26
 Gen: 4 ---------------------
 25 0 9 10 25 0 21 0 12 0 16 20 6 17 16 9 15 19
 0 0 0 0 7 0 10 0 22 0 3 0 0 0 5 0 0 5
 21 0 13 10 6 15 6 0 7 0 14 9 11 3 6 9 12 13
 9 0 0 0 0 0 3 19 3 7 9 3 4 19 0 9 0 3
 6 3 6 18 9 2 6 0 0 5 0 3 4 9 0 9 0 0
 17 2 3 0 0 13 0 19 12 14 8 6 3 11 0 15 0 3
 9 0 7 15 0 0 0 0 0 0 0 17 0 18 0 0 0 18
 17 6 0 0 6 11 12 3 9 0 3 12 1 9 0 13 6 3
 0 0 0 7 0 4 3 3 0 0 0 3 5 0 7 0 0 6
 29 6 20 3 16 0 17 3 0 0 3 12 22 0 22 10 14 0
 Gen: 5 ---------------------
 28 3 12 7 28 0 24 0 15 0 19 23 9 20 19 12 18 22
 3 0 3 0 4 0 7 0 25 0 0 0 0 0 2 0 0 2
 0 3 16 13 9 18 3 0 4 0 17 6 14 6 3 12 9 16
 12 0 0 0 0 3 0 22 6 10 0 0 1 16 0 12 0 6
 9 6 9 21 12 5 3 0 0 2 0 0 1 0 0 12 3 3
 20 0 0 0 0 0 0 22 0 17 5 9 0 14 0 18 3 6
 6 0 10 18 3 3 0 0 0 3 0 0 0 21 0 3 0 0
 20 9 3 3 9 14 15 0 12 3 6 15 0 0 3 16 9 6
 0 0 3 4 3 1 0 0 3 3 3 0 2 0 4 0 0 9
 32 3 23 6 0 0 0 6 3 3 6 15 25 0 25 7 0 0
 Gen: 6 ---------------------
 31 6 15 4 31 0 27 0 0 0 22 20 6 0 16 9 15 25
 6 0 0 0 1 0 4 0 28 0 0 0 0 0 0 0 0 0
 3 6 19 16 12 21 0 0 1 0 20 9 17 9 0 15 6 19
 0 0 0 0 0 0 0 25 9 13 3 3 4 19 0 9 0 9
 12 3 12 24 15 8 0 0 0 0 3 3 4 3 0 15 0 6
 23 0 0 0 0 3 3 25 3 20 8 12 3 17 0 21 6 9
 3 0 13 21 0 6 0 3 0 6 0 3 0 24 0 0 0 3
 23 6 0 0 6 17 18 0 15 6 9 18 3 0 6 19 12 9
 0 0 0 1 0 4 3 3 6 6 0 0 0 0 1 0 3 12
 35 0 26 9 3 3 3 9 6 6 0 12 28 0 28 10 3 3
 Gen: 7 ---------------------
 34 3 18 1 34 0 30 0 3 0 25 23 9 3 19 0 18 0
 3 0 0 0 0 0 1 0 31 0 0 0 0 3 3 0 0 0
 6 9 22 19 0 24 0 0 0 0 23 6 14 12 0 0 3 22
 3 0 0 0 0 0 0 28 12 16 0 0 1 16 0 12 0 0
 15 0 15 21 0 11 0 0 0 0 0 6 1 0 0 12 0 0
 26 0 0 0 0 6 6 28 0 0 5 15 0 14 0 24 0 12
 0 0 0 0 0 3 0 0 0 3 0 0 0 21 0 0 0 6
 26 9 3 3 3 14 15 3 18 9 12 21 6 3 0 22 9 12
 0 0 3 4 3 1 0 0 3 3 0 0 0 0 0 0 0 15
 38 0 29 12 0 6 6 0 9 9 3 0 0 0 31 13 6 6
 Gen: 8 ---------------------
 0 0 21 0 37 0 33 0 6 0 28 20 12 6 22 0 21 3
 0 0 0 0 0 0 0 0 34 0 0 0 0 0 0 3 3 3
 9 12 0 22 3 27 0 0 0 0 26 9 11 15 3 3 6 25
 6 0 0 0 0 3 0 0 9 13 0 0 0 19 0 15 3 3
 18 0 18 24 3 14 0 0 0 3 3 9 0 3 0 15 0 3
 29 0 3 3 3 9 3 31 3 3 8 18 0 17 0 27 0 15
 0 0 3 3 3 6 0 0 0 6 0 0 0 24 0 0 0 9
 29 12 6 6 6 17 18 6 21 12 15 24 3 0 3 25 6 15
 0 0 0 0 6 4 3 0 0 0 0 3 0 0 0 0 0 18
 41 0 32 9 3 9 9 3 12 12 6 3 0 3 34 0 0 9
 Gen: 9 ---------------------
 0 3 24 0 40 0 36 0 0 0 31 0 15 0 25 3 24 0 0
 3 3 0 0 0 0 0 0 0 0 0 0 0 0 0 0 0 0 0
 12 15 3 25 0 30 0 3 0 0 29 12 8 18 0 6 3 28 0
 9 0 0 0 0 0 3 3 12 10 0 0 0 16 0 18 0 0 0
 15 0 21 21 0 17 0 3 0 6 0 12 0 6 0 0 0 6 0
 32 0 0 0 0 12 0 34 6 6 0 21 0 20 0 30 0 18 0
 0 0 6 6 0 3 0 0 0 3 0 0 0 27 0 0 0 12 0
 32 0 0 9 3 14 15 9 24 9 0 27 0 0 0 28 3 18 0
 0 0 0 0 0 1 0 0 0 0 0 0 3 3 0 0 0 21 0
 44 0 35 0 6 12 12 6 15 0 9 6 3 6 37 3 3 12 0
 Gen: 10 ---------------------
 3 6 0 0 0 0 39 3 0 3 34 3 18 0 28 0 27 3 0
 6 0 0 0 0 0 0 3 3 0 0 0 0 0 0 0 0 0 0
 15 18 6 28 0 33 3 6 3 0 26 15 5 21 0 9 0 31 0
 6 0 0 0 0 0 0 6 15 7 0 0 0 19 0 21 0 3 0
 12 0 24 24 0 20 0 0 0 0 0 15 0 9 0 3 0 9 0
 35 0 0 0 0 15 0 37 3 9 3 24 0 17 0 0 0 21 0
 0 0 9 9 3 6 0 0 0 6 0 3 0 30 0 0 0 9 0
 35 3 3 12 6 17 18 12 27 12 3 0 0 3 0 31 0 15 0
 0 0 3 0 3 0 0 0 0 0 0 3 6 0 0 0 0 18 0
 47 0 38 3 9 15 15 9 18 3 12 9 6 3 40 6 6 15 0
 Gen: 11 ---------------------
 6 9 3 0 0 3 42 6 3 0 0 0 21 3 31 0 0 0 0
 9 0 0 3 0 0 0 0 6 0 0 0 0 0 0 0 0 0 0
 18 15 3 31 0 36 0 9 6 0 29 18 0 24 0 0 0 34 0
 3 0 0 0 0 0 0 9 18 4 0 0 0 16 0 24 0 6 0
 9 0 27 27 0 23 0 0 0 3 0 18 0 12 0 6 0 12 0
 38 0 0 0 0 18 0 0 0 12 0 27 0 14 0 3 3 24 0
 0 0 12 12 0 3 0 0 0 3 0 6 0 0 0 3 0 12 0
 38 0 6 15 3 14 15 9 24 15 6 3 3 6 0 34 0 18 0
 0 0 0 0 0 0 0 0 0 0 3 6 0 0 0 0 0 15 0
 50 0 41 0 0 18 18 12 0 6 15 12 9 0 43 3 9 18 0
 Gen: 12 ---------------------
 9 12 6 3 3 6 39 3 6 3 0 3 24 0 34 3 0 0 0
 6 0 0 0 0 0 0 0 0 3 3 0 0 0 0 3 3 3 0
 21 18 0 34 0 39 0 12 3 0 26 21 0 0 0 3 0 0 0
 6 0 0 0 0 0 0 12 21 0 0 0 0 13 0 0 0 3 0
 0 0 24 24 0 26 0 3 3 6 0 21 0 15 0 9 0 15 0
 41 0 0 0 0 21 3 0 3 15 0 24 0 17 3 6 0 21 0
 0 0 15 15 0 0 0 3 0 0 0 9 0 3 0 6 0 9 0
 41 0 9 18 6 17 18 12 21 12 9 6 6 9 3 37 0 21 0
 0 0 0 0 0 0 0 0 0 0 0 3 3 0 0 0 0 0 0
 0 0 44 3 3 21 21 0 3 9 18 15 12 0 46 0 12 21 0
